Season,Age,Team,Lg,Pos,G,GS,MP,FG,FGA,FG%,3P,3PA,3P%,2P,2PA,2P%,eFG%,FT,FTA,FT%,ORB,DRB,TRB,AST,STL,BLK,TOV,PF,PTS,Awards
2003-04,19,CLE,NBA,SG,79,79,39.5,7.9,18.9,0.417,0.8,2.7,0.29,7.1,16.1,0.438,0.438,4.4,5.8,0.754,1.3,4.2,5.5,5.9,1.6,0.7,3.5,1.9,20.9,"MVP-9,ROY-1"
2004-05,20,CLE,NBA,SF,80,80,42.4,9.9,21.1,0.472,1.4,3.9,0.351,8.6,17.2,0.499,0.504,6,8,0.75,1.4,6,7.4,7.2,2.2,0.7,3.3,1.8,27.2,"MVP-6,AS,NBA2"
2005-06,21,CLE,NBA,SF,79,79,42.5,11.1,23.1,0.48,1.6,4.8,0.335,9.5,18.3,0.518,0.515,7.6,10.3,0.738,0.9,6.1,7,6.6,1.6,0.8,3.3,2.3,31.4,"MVP-2,AS,NBA1"
2006-07,22,CLE,NBA,SF,78,78,40.9,9.9,20.8,0.476,1.3,4,0.319,8.6,16.8,0.513,0.507,6.3,9,0.698,1.1,5.7,6.7,6,1.6,0.7,3.2,2.2,27.3,"MVP-5,AS,NBA2"
2007-08,23,CLE,NBA,SF,75,74,40.4,10.6,21.9,0.484,1.5,4.8,0.315,9.1,17.1,0.531,0.518,7.3,10.3,0.712,1.8,6.1,7.9,7.2,1.8,1.1,3.4,2.2,30,"MVP-4,AS,NBA1"
2008-09,24,CLE,NBA,SF,81,81,37.7,9.7,19.9,0.489,1.6,4.7,0.344,8.1,15.2,0.535,0.53,7.3,9.4,0.78,1.3,6.3,7.6,7.2,1.7,1.1,3,1.7,28.4,"MVP-1,DPOY-2,AS,NBA1,DEF1"
2009-10,25,CLE,NBA,SF,76,76,39,10.1,20.1,0.503,1.7,5.1,0.333,8.4,15,0.56,0.545,7.8,10.2,0.767,0.9,6.4,7.3,8.6,1.6,1,3.4,1.6,29.7,"MVP-1,DPOY-4,AS,NBA1,DEF1"
2010-11,26,MIA,NBA,SF,79,79,38.8,9.6,18.8,0.51,1.2,3.5,0.33,8.4,15.3,0.552,0.541,6.4,8.4,0.759,1,6.5,7.5,7,1.6,0.6,3.6,2.1,26.7,"MVP-3,DPOY-9,AS,NBA1,DEF1"
2011-12,27,MIA,NBA,SF,62,62,37.5,10,18.9,0.531,0.9,2.4,0.362,9.1,16.5,0.556,0.554,6.2,8.1,0.771,1.5,6.4,7.9,6.2,1.9,0.8,3.4,1.5,27.1,"MVP-1,DPOY-4,AS,NBA1,DEF1"
2012-13,28,MIA,NBA,PF,76,76,37.9,10.1,17.8,0.565,1.4,3.3,0.406,8.7,14.5,0.602,0.603,5.3,7,0.753,1.3,6.8,8,7.3,1.7,0.9,3,1.4,26.8,"MVP-1,DPOY-2,AS,NBA1,DEF1"
2013-14,29,MIA,NBA,PF,77,77,37.7,10,17.6,0.567,1.5,4,0.379,8.5,13.6,0.622,0.61,5.7,7.6,0.75,1.1,5.9,6.9,6.3,1.6,0.3,3.5,1.6,27.1,"MVP-2,DPOY-6,AS,NBA1,DEF2"
2014-15,30,CLE,NBA,SF,69,69,36.1,9,18.5,0.488,1.7,4.9,0.354,7.3,13.6,0.536,0.535,5.4,7.7,0.71,0.7,5.3,6,7.4,1.6,0.7,3.9,2,25.3,"MVP-3,DPOY-13,AS,NBA1"
2015-16,31,CLE,NBA,SF,76,76,35.6,9.7,18.6,0.52,1.1,3.7,0.309,8.6,14.9,0.573,0.551,4.7,6.5,0.731,1.5,6,7.4,6.8,1.4,0.6,3.3,1.9,25.3,"MVP-3,DPOY-11,AS,NBA1"
2016-17,32,CLE,NBA,SF,74,74,37.8,9.9,18.2,0.548,1.7,4.6,0.363,8.3,13.5,0.611,0.594,4.8,7.2,0.674,1.3,7.3,8.6,8.7,1.2,0.6,4.1,1.8,26.4,"MVP-4,DPOY-5,AS,NBA1"
2017-18,33,CLE,NBA,PF,82,82,36.9,10.5,19.3,0.542,1.8,5,0.367,8.6,14.3,0.603,0.59,4.7,6.5,0.731,1.2,7.5,8.6,9.1,1.4,0.9,4.2,1.7,27.5,"MVP-2,AS,NBA1"
2018-19,34,LAL,NBA,SF,55,55,35.2,10.1,19.9,0.51,2,5.9,0.339,8.1,14,0.582,0.56,5.1,7.6,0.665,1,7.4,8.5,8.3,1.3,0.6,3.6,1.7,27.4,"MVP-11,AS,NBA3"
2019-20,35,LAL,NBA,PG,67,67,34.6,9.6,19.4,0.493,2.2,6.3,0.348,7.4,13.1,0.564,0.55,3.9,5.7,0.693,1,6.9,7.8,10.2,1.2,0.5,3.9,1.8,25.3,"MVP-2,AS,NBA1"
2020-21,36,LAL,NBA,PG,45,45,33.4,9.4,18.3,0.513,2.3,6.3,0.365,7.1,12,0.591,0.576,4,5.7,0.698,0.6,7,7.7,7.8,1.1,0.6,3.7,1.6,25,"MVP-13,AS,NBA2"
2021-22,37,LAL,NBA,C,56,56,37.2,11.4,21.8,0.524,2.9,8,0.359,8.6,13.8,0.62,0.59,4.5,6,0.756,1.1,7.1,8.2,6.2,1.3,1.1,3.5,2.2,30.3,"MVP-10,AS,NBA3"
2022-23,38,LAL,NBA,PF,55,54,35.5,11.1,22.2,0.5,2.2,6.9,0.321,8.9,15.3,0.58,0.549,4.6,5.9,0.768,1.2,7.1,8.3,6.8,0.9,0.6,3.2,1.6,28.9,"AS,NBA3"
2023-24,39,LAL,NBA,PF,71,71,35.3,9.6,17.9,0.54,2.1,5.1,0.41,7.5,12.8,0.592,0.599,4.3,5.7,0.75,0.9,6.4,7.3,8.3,1.3,0.5,3.5,1.1,25.7,"CPOY-10,AS,NBA3"
2024-25,40,LAL,NBA,SF,70,70,34.9,9.3,18.1,0.513,2.1,5.7,0.376,7.2,12.5,0.574,0.571,3.7,4.7,0.782,1,6.8,7.8,8.2,1,0.6,3.7,1.4,24.4,"MVP-6,CPOY-7,AS,NBA2"
2025-26,41,LAL,NBA,SF,55,55,33.5,7.8,15.3,0.512,1.3,4.1,0.314,6.6,11.3,0.583,0.553,3.8,5.1,0.744,0.8,5.2,6,7,1.1,0.6,3,1.4,20.7,AS
,,,,Pos,G,GS,MP,FG,FGA,FG%,3P,3PA,3P%,2P,2PA,2P%,eFG%,FT,FTA,FT%,ORB,DRB,TRB,AST,STL,BLK,TOV,PF,PTS,Awards
23 Yrs,,,,,1617,1615,37.7,9.8,19.4,0.507,1.6,4.7,0.348,8.2,14.8,0.557,0.548,5.5,7.4,0.737,1.1,6.3,7.5,7.4,1.5,0.7,3.5,1.8,26.8,
,,,,,,,,,,,,,,,,,,,,,,,,,,,,,,
CLE (11 Yrs),,,,,849,848,39,9.9,20,0.492,1.5,4.4,0.337,8.4,15.7,0.535,0.528,6,8.2,0.733,1.2,6.1,7.3,7.3,1.6,0.8,3.5,1.9,27.2,
LAL (8 Yrs),,,,,474,473,35,9.8,19.1,0.513,2.1,6,0.356,7.6,13.1,0.585,0.569,4.2,5.8,0.73,1,6.7,7.7,7.9,1.1,0.6,3.5,1.6,25.9,
MIA (4 Yrs),,,,,294,294,38,9.9,18.2,0.543,1.2,3.4,0.369,8.7,14.9,0.582,0.577,5.9,7.8,0.758,1.2,6.4,7.6,6.7,1.7,0.7,3.4,1.7,26.9,
